v 0.375 0.5 -0.5;
vt 14.7638 19.685;
vn 0 1 -0;
v 0.375 0.5 -0.375;
vt 14.7638 14.7638;
v 0.5 0.5 -0.375;
vt 19.685 14.7638;
v 0.5 0.5 -0.5;
vt 19.685 19.685;
f 1 1 1 2 2 1 3 3 1 4 4 1 ;
;
v 0.25 0.5 -0.5;
vt 9.84252 19.685;
v 0.25 0.5 -0.375;
vt 9.84252 14.7638;
f 5 5 1 6 6 1 2 2 1 1 1 1 ;
;
v 0.125 0.5 -0.5;
vt 4.92126 19.685;
v 0.125 0.5 -0.375;
vt 4.92126 14.7638;
f 7 7 1 8 8 1 6 6 1 5 5 1 ;
;
v 3.15836e-16 0.5 -0.5;
vt 1.24345e-14 19.685;
v 2.78472e-16 0.5 -0.375;
vt 1.09635e-14 14.7638;
f 9 9 1 10 10 1 8 8 1 7 7 1 ;
;
v -0.125 0.5 -0.5;
vt -4.92126 19.685;
v -0.125 0.5 -0.375;
vt -4.92126 14.7638;
f 11 11 1 12 12 1 10 10 1 9 9 1 ;
;
v -0.25 0.5 -0.5;
vt -9.84252 19.685;
v -0.25 0.5 -0.375;
vt -9.84252 14.7638;
f 13 13 1 14 14 1 12 12 1 11 11 1 ;
;
v -0.375 0.5 -0.5;
vt -14.7638 19.685;
v -0.375 0.5 -0.375;
vt -14.7638 14.7638;
f 15 15 1 16 16 1 14 14 1 13 13 1 ;
;
v -0.5 0.5 -0.5;
vt -19.685 19.685;
v -0.5 0.5 -0.375;
vt -19.685 14.7638;
f 17 17 1 18 18 1 16 16 1 15 15 1 ;
;
v -0.375 0.5 -0.25;
vt -14.7638 9.84252;
v -0.5 0.5 -0.25;
vt -19.685 9.84252;
f 19 19 1 16 16 1 18 18 1 20 20 1 ;
;
v -0.25 0.5 -0.25;
vt -9.84252 9.84252;
f 21 21 1 14 14 1 16 16 1 19 19 1 ;
;
v -0.125 0.5 -0.25;
vt -4.92126 9.84252;
f 22 22 1 12 12 1 14 14 1 21 21 1 ;
;
v 2.56617e-16 0.5 -0.25;
vt 1.0103e-14 9.84252;
f 23 23 1 10 10 1 12 12 1 22 22 1 ;
;
v 0.125 0.5 -0.25;
vt 4.92126 9.84252;
f 24 24 1 8 8 1 10 10 1 23 23 1 ;
;
v 0.25 0.5 -0.25;
vt 9.84252 9.84252;
f 25 25 1 6 6 1 8 8 1 24 24 1 ;
;
v 0.375 0.5 -0.25;
vt 14.7638 9.84252;
f 26 26 1 2 2 1 6 6 1 25 25 1 ;
;
v 0.5 0.5 -0.25;
vt 19.685 9.84252;
f 27 27 1 3 3 1 2 2 1 26 26 1 ;
;
v 0.375 0.5 -0.125;
vt 14.7638 4.92126;
v 0.5 0.5 -0.125;
vt 19.685 4.92126;
f 26 26 1 28 28 1 29 29 1 27 27 1 ;
;
v 0.25 0.5 -0.125;
vt 9.84252 4.92126;
f 25 25 1 30 30 1 28 28 1 26 26 1 ;
;
v 0.125 0.5 -0.125;
vt 4.92126 4.92126;
f 24 24 1 31 31 1 30 30 1 25 25 1 ;
;
v 2.41812e-16 0.5 -0.125;
vt 9.52016e-15 4.92126;
f 23 23 1 32 32 1 31 31 1 24 24 1 ;
;
v -0.125 0.5 -0.125;
vt -4.92126 4.92126;
f 22 22 1 33 33 1 32 32 1 23 23 1 ;
;
v -0.25 0.5 -0.125;
vt -9.84252 4.92126;
f 21 21 1 34 34 1 33 33 1 22 22 1 ;
;
v -0.375 0.5 -0.125;
vt -14.7638 4.92126;
f 19 19 1 35 35 1 34 34 1 21 21 1 ;
;
v -0.5 0.5 -0.125;
vt -19.685 4.92126;
f 20 20 1 36 36 1 35 35 1 19 19 1 ;
;
v -0.375 0.5 -1.83298e-16;
vt -14.7638 7.21645e-15;
v -0.5 0.5 -1.80478e-16;
vt -19.685 7.10543e-15;
f 37 37 1 35 35 1 36 36 1 38 38 1 ;
;
v -0.25 0.5 -1.91758e-16;
vt -9.84252 7.54952e-15;
f 39 39 1 34 34 1 35 35 1 37 37 1 ;
;
v -0.125 0.5 -1.94578e-16;
vt -4.92126 7.66054e-15;
f 40 40 1 33 33 1 34 34 1 39 39 1 ;
;
v 1.69198e-16 0.5 -2.25597e-16;
vt 6.66134e-15 8.88178e-15;
f 41 41 1 32 32 1 33 33 1 40 40 1 ;
;
v 0.125 0.5 -1.94578e-16;
vt 4.92126 7.66054e-15;
f 42 42 1 31 31 1 32 32 1 41 41 1 ;
;
v 0.25 0.5 -1.91758e-16;
vt 9.84252 7.54952e-15;
f 43 43 1 30 30 1 31 31 1 42 42 1 ;
;
v 0.375 0.5 -1.83298e-16;
vt 14.7638 7.21645e-15;
f 44 44 1 28 28 1 30 30 1 43 43 1 ;
;
v 0.5 0.5 -1.80478e-16;
vt 19.685 7.10543e-15;
f 45 45 1 29 29 1 28 28 1 44 44 1 ;
;
v 0.375 0.5 0.125;
vt 14.7638 -4.92126;
v 0.5 0.5 0.125;
vt 19.685 -4.92126;
f 44 44 1 46 46 1 47 47 1 45 45 1 ;
;
v 0.25 0.5 0.125;
vt 9.84252 -4.92126;
f 43 43 1 48 48 1 46 46 1 44 44 1 ;
;
v 0.125 0.5 0.125;
vt 4.92126 -4.92126;
f 42 42 1 49 49 1 48 48 1 43 43 1 ;
;
v 1.54393e-16 0.5 0.125;
vt 6.07847e-15 -4.92126;
f 41 41 1 50 50 1 49 49 1 42 42 1 ;
;
v -0.125 0.5 0.125;
vt -4.92126 -4.92126;
f 40 40 1 51 51 1 50 50 1 41 41 1 ;
;
v -0.25 0.5 0.125;
vt -9.84252 -4.92126;
f 39 39 1 52 52 1 51 51 1 40 40 1 ;
;
v -0.375 0.5 0.125;
vt -14.7638 -4.92126;
f 37 37 1 53 53 1 52 52 1 39 39 1 ;
;
v -0.5 0.5 0.125;
vt -19.685 -4.92126;
f 38 38 1 54 54 1 53 53 1 37 37 1 ;
;
v -0.375 0.5 0.25;
vt -14.7638 -9.84252;
v -0.5 0.5 0.25;
vt -19.685 -9.84252;
f 55 55 1 53 53 1 54 54 1 56 56 1 ;
;
v -0.25 0.5 0.25;
vt -9.84252 -9.84252;
f 57 57 1 52 52 1 53 53 1 55 55 1 ;
;
v -0.125 0.5 0.25;
vt -4.92126 -9.84252;
f 58 58 1 51 51 1 52 52 1 57 57 1 ;
;
v 8.7419e-17 0.5 0.25;
vt 3.44169e-15 -9.84252;
f 59 59 1 50 50 1 51 51 1 58 58 1 ;
;
v 0.125 0.5 0.25;
vt 4.92126 -9.84252;
f 60 60 1 49 49 1 50 50 1 59 59 1 ;
;
v 0.25 0.5 0.25;
vt 9.84252 -9.84252;
f 61 61 1 48 48 1 49 49 1 60 60 1 ;
;
v 0.375 0.5 0.25;
vt 14.7638 -9.84252;
f 62 62 1 46 46 1 48 48 1 61 61 1 ;
;
v 0.5 0.5 0.25;
vt 19.685 -9.84252;
f 63 63 1 47 47 1 46 46 1 62 62 1 ;
;
v 0.375 0.5 0.375;
vt 14.7638 -14.7638;
v 0.5 0.5 0.375;
vt 19.685 -14.7638;
f 62 62 1 64 64 1 65 65 1 63 63 1 ;
;
v 0.25 0.5 0.375;
vt 9.84252 -14.7638;
f 61 61 1 66 66 1 64 64 1 62 62 1 ;
;
v 0.125 0.5 0.375;
vt 4.92126 -14.7638;
f 60 60 1 67 67 1 66 66 1 61 61 1 ;
;
v 2.18547e-17 0.5 0.375;
vt 8.60423e-16 -14.7638;
f 59 59 1 68 68 1 67 67 1 60 60 1 ;
;
v -0.125 0.5 0.375;
vt -4.92126 -14.7638;
f 58 58 1 69 69 1 68 68 1 59 59 1 ;
;
v -0.25 0.5 0.375;
vt -9.84252 -14.7638;
f 57 57 1 70 70 1 69 69 1 58 58 1 ;
;
v -0.375 0.5 0.375;
vt -14.7638 -14.7638;
f 55 55 1 71 71 1 70 70 1 57 57 1 ;
;
v -0.5 0.5 0.375;
vt -19.685 -14.7638;
f 56 56 1 72 72 1 71 71 1 55 55 1 ;
;
v -0.375 0.5 0.5;
vt -14.7638 -19.685;
v -0.5 0.5 0.5;
vt -19.685 -19.685;
f 73 73 1 71 71 1 72 72 1 74 74 1 ;
;
v -0.25 0.5 0.5;
vt -9.84252 -19.685;
f 75 75 1 70 70 1 71 71 1 73 73 1 ;
;
v -0.125 0.5 0.5;
vt -4.92126 -19.685;
f 76 76 1 69 69 1 70 70 1 75 75 1 ;
;
v 0 0.5 0.5;
vt 0 -19.685;
f 77 77 1 68 68 1 69 69 1 76 76 1 ;
;
v 0.125 0.5 0.5;
vt 4.92126 -19.685;
f 78 78 1 67 67 1 68 68 1 77 77 1 ;
;
v 0.25 0.5 0.5;
vt 9.84252 -19.685;
f 79 79 1 66 66 1 67 67 1 78 78 1 ;
;
v 0.375 0.5 0.5;
vt 14.7638 -19.685;
f 80 80 1 64 64 1 66 66 1 79 79 1 ;
;
v 0.5 0.5 0.5;
vt 19.685 -19.685;
f 81 81 1 65 65 1 64 64 1 80 80 1 ;
;
